time,speed
16,0.000000
33,0.000000
100,0.000000
150,0.000000
200,0.000000
245,0.000000
300,0.000000
367,0.000000
417,0.000000
467,0.000000
517,0.000000
567,0.000000
633,0.000000
683,0.000000
750,0.000000
800,0.000000
850,0.000000
900,0.000000
951,0.000000
1001,0.000000
1067,0.000000
1102,0.000000
1167,0.000000
1217,0.000000
1284,0.000000
1334,0.000000
1401,0.000000
1451,0.000000
1501,0.000000
1567,0.000000
1618,0.000000
1668,0.000000
1734,0.000000
1785,0.000000
1851,0.000000
1901,0.000000
1951,0.000000
2014,0.000000
2051,0.000000
2118,0.000000
2168,0.000000
2218,0.000000
2268,0.000000
2335,0.000000
2385,0.000000
2435,0.000000
2485,0.000000
2536,0.000000
2582,0.000000
2652,0.000000
2702,0.000000
2752,0.000000
2818,0.000000
2868,0.000000
2919,0.000000
2969,0.000000
3019,0.000000
3085,0.000000
3135,0.000000
3186,0.000000
3252,0.000000
3302,0.000000
3369,0.000000
3419,0.000000
3486,0.000000
3536,0.000000
3603,0.000000
3653,0.000000
3702,0.000000
3769,0.000000
3819,0.000000
3886,0.000000
3936,0.000000
3986,0.000000
4036,0.000000
4103,0.000000
4153,0.000000
4203,0.000000
4270,0.000000
4320,0.000000
4386,0.000000
4436,0.000000
4503,0.000000
4553,0.000000
4603,0.000000
4670,0.000000
4720,0.000000
4787,0.000000
4837,0.000000
4887,0.000000
4954,0.000000
5003,0.000000
5070,0.000000
5120,0.000000
5187,0.000000
5237,0.000000
5304,1.000000
5354,3.000000
5404,5.000000
5471,7.000000
5521,9.000000
5587,11.000000
5637,13.000000
5687,14.000000
5754,17.000000
5804,18.000000
5854,20.000000
5921,22.000000
5971,24.000000
6021,26.000000
6071,28.000000
6138,30.000000
6188,31.000000
6255,32.000000
6305,32.000000
6355,32.000000
6405,31.000000
6471,31.000000
6522,31.000000
6588,31.000000
6638,31.000000
6688,31.000000
6738,30.000000
6805,30.000000
6855,30.000000
6922,31.000000
6970,32.000000
7039,33.000000
7090,35.000000
7140,36.000000
7205,37.000000
7255,39.000000
7306,40.000000
7355,42.000000
7422,44.000000
7472,45.000000
7519,47.000000
7572,48.000000
7639,50.000000
7689,52.000000
7756,54.000000
7806,56.000000
7856,57.000000
7923,60.000000
7973,62.000000
8023,64.000000
8073,66.000000
8140,69.000000
8190,71.000000
8240,73.000000
8306,76.000000
8357,78.000000
8407,81.000000
8473,83.000000
8524,86.000000
8573,88.000000
8640,91.000000
8690,93.000000
8757,96.000000
8816,98.000000
8873,101.000000
8923,103.000000
8990,106.000000
9040,108.000000
9090,111.000000
9140,113.000000
9207,114.000000
9257,114.000000
9307,115.000000
9357,117.000000
9407,119.000000
9474,123.000000
9524,126.000000
9574,128.000000
9641,132.000000
9691,134.000000
9757,137.000000
9808,138.000000
9858,139.000000
9924,139.000000
9974,139.000000
10041,139.000000
10092,141.000000
10141,143.000000
10208,147.000000
10258,150.000000
10324,154.000000
10375,157.000000
10425,160.000000
10491,163.000000
10541,166.000000
10591,169.000000
10658,172.000000
10708,174.000000
10775,174.000000
10826,176.000000
10892,180.000000
10942,182.000000
10992,185.000000
11042,187.000000
11109,191.000000
11158,193.000000
11225,196.000000
11275,198.000000
11325,200.000000
11393,202.000000
11423,203.000000
11492,206.000000
11542,208.000000
11592,209.000000
11642,211.000000
11709,211.000000
11759,211.000000
11826,211.000000
11876,211.000000
11943,211.000000
11976,211.000000
12026,211.000000
12093,211.000000
12143,211.000000
12193,211.000000
12260,211.000000
12294,211.000000
12360,211.000000
12410,211.000000
12460,211.000000
12526,211.000000
12576,211.000000
12627,211.000000
12693,211.000000
12743,211.000000
12793,211.000000
12860,214.000000
12910,216.000000
12961,218.000000
13027,220.000000
13077,222.000000
13144,224.000000
13194,226.000000
13245,227.000000
13294,229.000000
13360,231.000000
13410,232.000000
13477,234.000000
13527,236.000000
13744,241.000000
13861,240.000000
13977,223.000000
14211,189.000000
14945,117.000000
15229,115.000000
15846,84.000000
15962,75.000000
16897,75.000000
17013,74.000000
17230,72.000000
18698,68.000000
19298,72.000000
20915,80.000000
22484,134.000000
23285,174.000000
23452,174.000000
24703,206.000000
24903,211.000000
25295,224.000000
25520,230.000000
25804,237.000000
26187,243.000000
26284,245.000000
26721,252.000000
27005,257.000000
27505,241.000000
28301,143.000000
28406,142.000000
28573,141.000000
28806,139.000000
29573,129.000000
30708,131.000000
31258,139.000000
31375,142.000000
32192,155.000000
33193,118.000000
33310,108.000000
33593,87.000000
34478,83.000000
34861,88.000000
35362,96.000000
36029,113.000000
36312,121.000000
37013,139.000000
37347,147.000000
37897,155.000000
38080,157.000000
38247,159.000000
41267,174.000000
43268,213.000000
43702,220.000000
44202,212.000000
46204,143.000000
47004,165.000000
47588,189.000000
48322,214.000000
48756,226.000000
50991,265.000000
51108,266.000000
52042,272.000000
52275,240.000000
52509,211.000000
52559,211.000000
52826,206.000000
53260,196.000000
54844,150.000000
55011,149.000000
55228,149.000000
55928,148.000000
56245,145.000000
56412,143.000000
56763,140.000000
57480,133.000000
58264,131.000000
59214,138.000000
59431,139.000000
59531,139.000000
60465,144.000000
60582,145.000000
61049,147.000000
61550,151.000000
62434,157.000000
62534,158.000000
64519,181.000000
64736,189.000000
66787,243.000000
66904,246.000000
67454,256.000000
69356,262.000000
71408,131.000000
72025,124.000000
73359,136.000000
74360,168.000000
74927,184.000000
75278,192.000000
76011,207.000000
77096,232.000000
78980,263.000000
79881,273.000000
80098,275.000000
80882,281.000000
82200,286.000000
82951,287.000000
83301,288.000000
83401,288.000000
83618,289.000000
85002,292.000000
86420,294.000000
86854,294.000000
87404,295.000000
87971,296.000000
88188,296.000000
88889,214.000000
89122,183.000000
89222,179.000000
89572,174.000000
89923,167.000000
90423,159.000000
91240,158.000000
91758,166.000000
92041,170.000000
94577,226.000000
95894,252.000000
96728,263.000000
98063,276.000000
99931,285.000000
101508,290.000000
101616,291.000000
102200,292.000000
102366,292.000000
104718,295.000000
105869,283.000000
106753,157.000000
107304,127.000000
108021,121.000000
109706,109.000000
110256,107.000000
110540,106.000000
111190,111.000000
115007,239.000000
116212,259.000000
117078,270.000000
117812,277.000000
118580,282.000000
118796,284.000000
119197,286.000000
119414,287.000000
119580,288.000000
119814,289.000000
120981,292.000000
122533,295.000000
122749,295.000000
123016,295.000000
123133,295.000000
123517,296.000000
123567,296.000000
123967,296.000000
124968,208.000000
125518,164.000000
125952,136.000000
126986,78.000000
127320,77.000000
127804,87.000000
130005,64.000000
130406,58.000000
130736,59.000000
130956,58.000000
131940,79.000000
133058,133.000000
133225,142.000000
133492,154.000000
133708,154.000000
134943,188.000000
137228,247.000000
138345,240.000000
139530,127.000000
139746,124.000000
142048,171.000000
142215,173.000000
142365,174.000000
142549,178.000000
143550,203.000000
144333,225.000000
144500,228.000000
145268,242.000000
145534,237.000000
146585,144.000000
147186,124.000000
147353,122.000000
147703,126.000000
148203,137.000000
148987,157.000000
149538,168.000000
150705,160.000000
151272,134.000000
151322,130.000000
151506,125.000000
151723,124.000000
153674,71.000000
154609,58.000000
154709,58.000000
155893,66.000000
156560,78.000000
157227,99.000000
157511,108.000000
161397,238.000000
161597,242.000000
163449,124.000000
163799,138.000000
163899,142.000000
166235,224.000000
167803,208.000000
167869,202.000000
168603,135.000000
168720,122.000000
169904,111.000000
172039,127.000000
174174,110.000000
174224,107.000000
174825,84.000000
177177,110.000000
177344,112.000000
177727,119.000000
180446,161.000000
180563,162.000000
183315,167.000000
184650,208.000000
184716,210.000000
184933,215.000000
185350,166.000000
185584,160.000000
188336,128.000000
189937,121.000000
191155,119.000000
191655,121.000000
192456,127.000000
192840,130.000000
194341,144.000000
194674,147.000000
194841,149.000000
195125,152.000000
198578,179.000000
199278,183.000000
201631,155.000000
201814,157.000000
202247,171.000000
203465,215.000000
204065,229.000000
204733,243.000000
206868,154.000000
207085,152.000000
207289,150.000000
208152,151.000000
208986,181.000000
209870,212.000000
210037,217.000000
210204,222.000000
210654,232.000000
210771,235.000000
212239,238.000000
212639,229.000000
212739,224.000000
213723,176.000000
215892,125.000000
216275,135.000000
216809,149.000000
217160,154.000000
217593,159.000000
217877,161.000000
218094,162.000000
218461,165.000000
218644,167.000000
218761,169.000000
219445,166.000000
220195,166.000000
220879,172.000000
221897,182.000000
222797,189.000000
223365,151.000000
223982,142.000000
224315,139.000000
224866,144.000000
225483,154.000000
232188,254.000000
233656,263.000000
233773,264.000000
233889,265.000000
234056,266.000000
234206,266.000000
234807,213.000000
235041,202.000000
235324,196.000000
235441,194.000000
235925,186.000000
237042,169.000000
237159,168.000000
237326,165.000000
237959,111.000000
238076,103.000000
238910,105.000000
241346,96.000000
242530,87.000000
242797,85.000000
243347,91.000000
424730,79.000000
424895,80.000000
424961,79.000000
425078,70.000000
425295,51.000000
425480,39.000000
425914,0.000000
427096,0.000000
431767,0.000000
431883,0.000000
432400,0.000000
432567,0.000000
432667,0.000000
433118,0.000000
435587,35.000000
436587,72.000000
437539,79.000000
437655,79.000000
437871,79.000000
438474,79.000000
438972,79.000000
439506,79.000000
440290,79.000000
441991,79.000000
442091,79.000000
442625,79.000000
443543,79.000000
443826,79.000000
444177,79.000000
444293,79.000000
444393,79.000000
444560,79.000000
444677,79.000000
444777,79.000000
444894,79.000000
444994,79.000000
445161,79.000000
445261,79.000000
445494,84.000000
445661,91.000000
445995,106.000000
446146,113.000000
446312,122.000000
446496,130.000000
446645,138.000000
446745,144.000000
446929,153.000000
447579,188.000000
447913,202.000000
449114,136.000000
449497,121.000000
451349,99.000000
452083,92.000000
452517,92.000000
452850,96.000000
452967,98.000000
453084,100.000000
453401,109.000000
453617,115.000000
454835,171.000000
454885,172.000000
454952,176.000000
455119,184.000000
455569,203.000000
455669,206.000000
456170,221.000000
456553,232.000000
457004,244.000000
457337,252.000000
457504,256.000000
457621,258.000000
457734,260.000000
458071,266.000000
458905,279.000000
459406,219.000000
459622,189.000000
460623,132.000000
461007,130.000000
461174,132.000000
463225,179.000000
464378,200.000000
464893,211.000000
464960,213.000000
468046,249.000000
469230,199.000000
469506,190.000000
469931,181.000000
470047,179.000000
470615,169.000000
472483,186.000000
474618,192.000000
474951,192.000000
475335,199.000000
475669,210.000000
476052,222.000000
476169,225.000000
477520,252.000000
479355,274.000000
479688,277.000000
479805,276.000000
481306,198.000000
482592,201.000000
483942,183.000000
484492,136.000000
484609,133.000000
485493,133.000000
486427,130.000000
487628,136.000000
487678,136.000000
487978,136.000000
490297,175.000000
490748,188.000000
492166,231.000000
492349,234.000000
494484,264.000000
494535,264.000000
496052,277.000000
497186,161.000000
497570,159.000000
498521,167.000000
498637,168.000000
499188,176.000000
499822,184.000000
502257,213.000000
502707,226.000000
503258,238.000000
504092,253.000000
504692,261.000000
504759,262.000000
505043,266.000000
505593,270.000000
506594,277.000000
507161,261.000000
508229,233.000000
508679,228.000000
509163,227.000000
509380,228.000000
509596,231.000000
510847,256.000000
511231,260.000000
512065,270.000000
512542,273.000000
513366,280.000000
513783,282.000000
514400,276.000000
514517,277.000000
514735,278.000000
515818,147.000000
516102,143.000000
516611,142.000000
516885,145.000000
517836,166.000000
518120,172.000000
518654,185.000000
519154,194.000000
520044,217.000000
521190,231.000000
521923,244.000000
522824,259.000000
523107,262.000000
523157,263.000000
523274,264.000000
524275,273.000000
524392,274.000000
524775,277.000000
525826,283.000000
526159,285.000000
526343,286.000000
527177,289.000000
527728,291.000000
527961,291.000000
528078,292.000000
529064,293.000000
529129,293.000000
530647,295.000000
531883,297.000000
533049,208.000000
533099,201.000000
534650,75.000000
534884,73.000000
538403,112.000000
539387,154.000000
541972,241.000000
543107,260.000000
543173,260.000000
544057,271.000000
544441,275.000000
544992,280.000000
545692,284.000000
546861,290.000000
548911,294.000000
549645,296.000000
549745,296.000000
550012,296.000000
550229,296.000000
550729,297.000000
551179,298.000000
552713,130.000000
553247,107.000000
553480,110.000000
553981,110.000000
555082,100.000000
555699,94.000000
556766,89.000000
557033,86.000000
558234,96.000000
558284,98.000000
558468,105.000000
559368,145.000000
559985,167.000000
560786,192.000000
562504,229.000000
563155,239.000000
564323,228.000000
565173,133.000000
565723,127.000000
566307,121.000000
567358,125.000000
567525,127.000000
568292,132.000000
568409,133.000000
568743,137.000000
569076,141.000000
569720,148.000000
572395,184.000000
572829,187.000000
574798,186.000000
575465,188.000000
575999,188.000000
576449,189.000000
576566,190.000000
577283,198.000000
577833,202.000000
579601,211.000000
579936,208.000000
580152,204.000000
582087,182.000000
582504,198.000000
582904,211.000000
583021,215.000000
583355,224.000000
583839,235.000000
584389,246.000000
586107,270.000000
588510,287.000000
588676,288.000000
590011,177.000000
590878,132.000000
591278,140.000000
597100,229.000000
597500,236.000000
598084,248.000000
600035,269.000000
600386,272.000000
600936,277.000000
601053,278.000000
601103,279.000000
602521,153.000000
603371,148.000000
605957,166.000000
606458,170.000000
606508,169.000000
608459,208.000000
610995,260.000000
611078,261.000000
612329,273.000000
612913,278.000000
613347,281.000000
613831,281.000000
613931,277.000000
614214,268.000000
614848,251.000000
617367,223.000000
618318,245.000000
619952,268.000000
620353,272.000000
620469,273.000000
621238,265.000000
621971,207.000000
622571,153.000000
622955,127.000000
623572,131.000000
625157,146.000000
625607,142.000000
626275,155.000000
626391,158.000000
626875,173.000000
627543,182.000000
628126,176.000000
628443,162.000000
628676,144.000000
628770,142.000000
629427,137.000000
630528,140.000000
630595,140.000000
631095,147.000000
631428,154.000000
631929,166.000000
633181,189.000000
634981,170.000000
637000,185.000000
637150,187.000000
637450,191.000000
637951,197.000000
639002,204.000000
639952,208.000000
640436,208.000000
640537,208.000000
641521,193.000000
642005,187.000000
642605,182.000000
643941,183.000000
644156,185.000000
644440,187.000000
644941,191.000000
647209,207.000000
648943,95.000000
649310,96.000000
649978,100.000000
650495,104.000000
651079,108.000000
651979,132.000000
652480,150.000000
653580,194.000000
654064,209.000000
654231,215.000000
654681,227.000000
654965,234.000000
656082,180.000000
656199,169.000000
656917,131.000000
657333,130.000000
658701,194.000000
659568,222.000000
659952,230.000000
661821,176.000000
662203,170.000000
662570,167.000000
663121,160.000000
664105,159.000000
664205,160.000000
664605,165.000000
666190,185.000000
666641,190.000000
667572,209.000000
667641,210.000000
669160,245.000000
671578,84.000000
671695,85.000000
672128,85.000000
673847,53.000000
673880,51.000000
675264,60.000000
678018,122.000000
679885,88.000000
680502,84.000000
681670,60.000000
682137,57.000000
682471,55.000000
682637,55.000000
682738,54.000000
683121,53.000000
685807,55.000000
686707,89.000000
688158,135.000000
688809,139.000000
691128,149.000000
691612,143.000000
692012,138.000000
692713,129.000000
692829,128.000000
693330,124.000000
695014,110.000000
695848,102.000000
697700,138.000000
698684,166.000000
699134,175.000000
699301,180.000000
700035,184.000000
700219,181.000000
700335,179.000000
702404,196.000000
703823,133.000000
704539,146.000000
704655,150.000000
704756,152.000000
705908,161.000000
706308,156.000000
706807,151.000000
707591,144.000000
707808,147.000000
708392,151.000000
709226,147.000000
709976,156.000000
710694,169.000000
711978,211.000000
712278,179.000000
712962,119.000000
713813,120.000000
717665,83.000000
718149,62.000000
718933,77.000000
719218,84.000000
719384,87.000000
720835,130.000000
721219,144.000000
721586,156.000000
721753,163.000000
721969,172.000000
722536,196.000000
723187,217.000000
723303,220.000000
724421,163.000000
725355,142.000000
731760,156.000000
732794,194.000000
733895,203.000000
735313,203.000000
735914,210.000000
737849,250.000000
738716,169.000000
741918,119.000000
742536,131.000000
742820,136.000000
743770,144.000000
743937,145.000000
744554,151.000000
745221,149.000000
745338,148.000000
750291,166.000000
754278,232.000000
754912,190.000000
755262,170.000000
757113,161.000000
757230,166.000000
757463,177.000000
758748,217.000000
758981,212.000000
759265,207.000000
759766,199.000000
759816,198.000000
759932,197.000000
760216,193.000000
760333,194.000000
760933,210.000000
761784,225.000000
762751,206.000000
763129,199.000000
763352,196.000000
765937,126.000000
766621,113.000000
766787,113.000000
767371,116.000000
767971,123.000000
768972,145.000000
769256,155.000000
769873,173.000000
770423,184.000000
771908,160.000000
772508,137.000000
772608,137.000000
774343,155.000000
774510,157.000000
775711,147.000000
775828,143.000000
776461,137.000000
777279,111.000000
779030,99.000000
780398,90.000000
780932,92.000000
781215,96.000000
781982,109.000000
782883,125.000000
783000,127.000000
784184,164.000000
784451,172.000000
785986,163.000000
786319,159.000000
786536,157.000000
787363,114.000000
788037,109.000000
788471,101.000000
788972,93.000000
790339,69.000000
791457,65.000000
793042,95.000000
794476,71.000000
795394,104.000000
795511,109.000000
795844,122.000000
796128,135.000000
796512,154.000000
797446,157.000000
798780,149.000000
799831,142.000000
800165,138.000000
800548,134.000000
800949,131.000000
802050,85.000000
802433,50.000000
802950,53.000000
804552,63.000000
805035,72.000000
805252,76.000000
805536,82.000000
806370,100.000000
807120,85.000000
807454,83.000000
808287,83.000000
809071,86.000000
809572,88.000000
809789,90.000000
809955,91.000000
810172,93.000000
810440,95.000000
810673,97.000000
811057,101.000000
811374,104.000000
812341,114.000000
812792,118.000000
815110,107.000000
815277,99.000000
815444,97.000000
816778,106.000000
817179,113.000000
817463,118.000000
818213,139.000000
818480,151.000000
818814,167.000000
819648,200.000000
821566,240.000000
822450,259.000000
822733,265.000000
822834,266.000000
823017,269.000000
823935,283.000000
824053,285.000000
824720,292.000000
825819,300.000000
826320,304.000000
826487,304.000000
829122,102.000000
829939,73.000000
830056,72.000000
830507,71.000000
830623,74.000000
831057,74.000000
831224,71.000000
831858,38.000000
832259,22.000000
832584,26.000000
832975,33.000000
833509,43.000000
834660,75.000000
836245,141.000000
836995,174.000000
837563,186.000000
838263,199.000000
838480,204.000000
838714,210.000000
839114,222.000000
841050,265.000000
842533,130.000000
843367,108.000000
843484,110.000000
844668,146.000000
845502,164.000000
845886,137.000000
846971,122.000000
847571,146.000000
847622,148.000000
848071,166.000000
851107,175.000000
852125,195.000000
853259,162.000000
853660,137.000000
854344,137.000000
854627,139.000000
856912,166.000000
857830,174.000000
859314,138.000000
859481,139.000000
860682,140.000000
861016,158.000000
861333,171.000000
862000,199.000000
863268,234.000000
863368,237.000000
863485,239.000000
863652,243.000000
866054,275.000000
867855,290.000000
868289,291.000000
868589,252.000000
870157,117.000000
871575,128.000000
873259,126.000000
874310,168.000000
874360,170.000000
875344,200.000000
876445,180.000000
878063,219.000000
879114,240.000000
879281,244.000000
881066,273.000000
881576,279.000000
882233,237.000000
883468,128.000000
885719,155.000000
886387,152.000000
887271,144.000000
887954,140.000000
889706,205.000000
891290,247.000000
893609,279.000000
893892,282.000000
894109,284.000000
894226,285.000000
894343,286.000000
895427,291.000000
895978,292.000000
897695,294.000000
898262,294.000000
899380,295.000000
899713,294.000000
900213,295.000000
900264,295.000000
900764,287.000000
901315,217.000000
905084,170.000000
906352,207.000000
906419,209.000000
907386,186.000000
907503,189.000000
907903,199.000000
908104,204.000000
909154,232.000000
909211,233.000000
910422,256.000000
910872,261.000000
912257,274.000000
913641,283.000000
916227,296.000000
917377,295.000000
918170,296.000000
919596,266.000000
919712,251.000000
920663,154.000000
922015,110.000000
922415,114.000000
923049,84.000000
925000,121.000000
925551,148.000000
925985,168.000000
928654,248.000000
929004,254.000000
929221,258.000000
929821,265.000000
930088,268.000000
932040,210.000000
932574,169.000000
933291,71.000000
933576,74.000000
933641,0.000000
933667,0.000000
933779,0.000000
933788,0.000000
933841,0.000000
933891,0.000000
933958,0.000000
934008,0.000000
934075,0.000000
934125,0.000000
934175,0.000000
934225,0.000000
934275,0.000000
934342,0.000000
934392,0.000000
934458,0.000000
934508,0.000000
934575,0.000000
934609,0.000000
934676,0.000000
934725,0.000000
934775,0.000000
934842,0.000000
934892,0.000000
934959,0.000000
935009,0.000000
935059,0.000000
935110,0.000000
935159,0.000000
935226,0.000000
935276,0.000000
935326,0.000000
935392,0.000000
935442,0.000000
935509,0.000000
935559,0.000000
935609,0.000000
935676,0.000000
935726,0.000000
935776,0.000000
935827,0.000000
935893,0.000000
935943,0.000000
935993,0.000000
936043,0.000000
936093,0.000000
936160,0.000000
936210,0.000000
936276,0.000000
936319,0.000000
936376,0.000000
936427,0.000000
936493,0.000000
936543,0.000000
936593,0.000000
936660,0.000000
936710,0.000000
936760,0.000000
936827,0.000000
936878,0.000000
936944,0.000000
936993,0.000000
937043,0.000000
937094,0.000000
937160,0.000000
937210,0.000000
937260,0.000000
937318,0.000000
937377,0.000000
937427,0.000000
937477,0.000000
937544,0.000000
937594,0.000000
937644,0.000000
937711,0.000000
937761,0.000000
937828,0.000000
937878,0.000000
937928,0.000000
937994,0.000000
938045,0.000000
938111,0.000000
938161,0.000000
938211,0.000000
938262,0.000000
938311,0.000000
938378,0.000000
938428,0.000000
938478,0.000000
938528,0.000000
938578,0.000000
938645,0.000000
938695,0.000000
938746,0.000000
938812,0.000000
938862,0.000000
938928,0.000000
938978,0.000000
939045,0.000000
939095,0.000000
939162,0.000000
939212,0.000000
939279,0.000000
939329,0.000000
939379,0.000000
939446,0.000000
939496,0.000000
939546,0.000000
939612,0.000000
939662,0.000000
939729,0.000000
939779,0.000000
939830,0.000000
939896,0.000000
939946,0.000000
940013,0.000000
940063,0.000000
940109,0.000000
940163,0.000000
940230,0.000000
940280,0.000000
940330,0.000000
940380,0.000000
940430,0.000000
940497,0.000000
940547,0.000000
940597,0.000000
940663,0.000000
940713,0.000000
940763,0.000000
940826,0.000000
940880,0.000000
940930,0.000000
940980,0.000000
941047,0.000000
941097,0.000000
941147,0.000000
941214,0.000000
941264,0.000000
941314,3.000000
941364,3.000000
941431,3.000000
941481,3.000000
941531,3.000000
941597,3.000000
941647,3.000000
941714,3.000000
941764,3.000000
941830,3.000000
941864,3.000000
941914,3.000000
941981,3.000000
942031,3.000000
942097,3.000000
942147,3.000000
942198,3.000000
942264,3.000000
942314,3.000000
942364,3.000000
942431,3.000000
942481,3.000000
942531,3.000000
942598,3.000000
942649,3.000000
942715,3.000000
942765,3.000000
942832,3.000000
942882,3.000000
942932,3.000000
942998,3.000000
943049,3.000000
943096,3.000000
943148,3.000000
943215,3.000000
943265,3.000000
943333,3.000000
943377,3.000000
943432,3.000000
943482,3.000000
943549,3.000000
943599,3.000000
943665,3.000000
943715,3.000000
943766,3.000000
943832,3.000000
943882,3.000000
943949,3.000000
943999,3.000000
944049,3.000000
944116,3.000000
944166,3.000000
944218,3.000000
944283,3.000000
944334,3.000000
944383,3.000000
944449,3.000000
944499,3.000000
944566,3.000000
944616,3.000000
944666,3.000000
944716,3.000000
944783,3.000000
944816,3.000000
944883,3.000000
944934,3.000000
945000,3.000000
945050,3.000000
945117,3.000000
945167,3.000000
945217,3.000000
945284,3.000000
945334,3.000000
945384,3.000000
945434,3.000000
945500,3.000000
945551,3.000000
945601,3.000000
945652,3.000000
945717,3.000000
946168,3.000000
947319,3.000000
947719,3.000000
948053,3.000000
948553,3.000000
948837,3.000000
949721,3.000000
950705,3.000000
951406,3.000000
952507,3.000000
952623,3.000000
952840,3.000000
953392,3.000000
953624,3.000000
953941,3.000000
954625,3.000000
954959,3.000000
955911,3.000000
956410,3.000000
956528,3.000000
956910,3.000000
956960,3.000000
957027,3.000000
957527,3.000000
957644,3.000000
958912,3.000000
960080,3.000000
961648,3.000000
961714,3.000000
961949,3.000000
962548,3.000000
962715,3.000000
964333,3.000000
965667,3.000000
967536,3.000000
967919,3.000000
968170,3.000000
968620,3.000000
969871,3.000000
972507,3.000000
974992,3.000000
975092,3.000000
975942,3.000000
976593,3.000000
977594,3.000000
977922,3.000000
978028,3.000000
978995,3.000000
979212,3.000000
980546,3.000000
981013,3.000000
981513,3.000000
983232,3.000000
983349,3.000000
983532,3.000000
984016,3.000000
986487,3.000000
988019,3.000000
991105,3.000000
991671,3.000000
992173,3.000000
992557,3.000000
992773,3.000000
994258,3.000000
994691,3.000000
994808,3.000000
996627,3.000000
996743,3.000000
997511,3.000000
998145,3.000000
1000024,3.000000
1001480,3.000000
1004100,3.000000
1004717,3.000000
1004834,3.000000
1005050,3.000000
1006585,3.000000
1007102,3.000000
1009320,3.000000
1009489,3.000000
1009870,3.000000
1011038,3.000000
1011159,3.000000
1011372,3.000000
1011638,3.000000
1012089,3.000000
1013490,3.000000
1013824,3.000000
1014274,3.000000
1015725,3.000000
1016101,3.000000
1016117,3.000000
1016180,3.000000
1016581,3.000000
1017131,3.000000
1018118,3.000000
1018599,3.000000
1019383,3.000000
1020133,3.000000
1022803,3.000000
1022919,3.000000
1023086,3.000000
1024087,3.000000
1024204,3.000000
1025154,3.000000
1026039,3.000000
1026572,3.000000
1027039,3.000000
1027307,3.000000
1027590,3.000000
1027765,3.000000
1028504,3.000000
1028620,3.000000
1029254,3.000000
1030038,3.000000
1031540,3.000000
1032724,3.000000
1032841,3.000000
1033291,3.000000
1033592,3.000000
1033859,3.000000
1034893,3.000000
1036311,3.000000
1036644,3.000000
1036961,3.000000
1037628,3.000000
1038612,3.000000
1038729,3.000000
1038897,3.000000
1039163,3.000000
1039330,3.000000
1039613,3.000000
1039947,3.000000
1040548,3.000000
1042667,3.000000
1042850,3.000000
1043200,3.000000
1044251,3.000000
1044368,3.000000
1044885,3.000000
1045703,3.000000
1046370,3.000000
1047320,3.000000
1048154,3.000000
1048438,3.000000
1048605,3.000000
1049639,3.000000
1049689,3.000000
1050474,3.000000
1050857,3.000000
1051124,3.000000
1051675,3.000000
1051908,3.000000
1052242,3.000000
1054261,3.000000
1054928,3.000000
1055295,3.000000
1055578,3.000000
1056212,3.000000
1056679,3.000000
1060450,3.000000
1060716,3.000000
1060833,3.000000
1061667,3.000000
1061785,3.000000
1062935,3.000000
1063402,3.000000
1064150,3.000000
1064420,3.000000
1066803,3.000000
1067455,3.000000
1068206,3.000000
1068640,3.000000
1069307,3.000000
1070124,3.000000
1070241,3.000000
1070407,3.000000
1070674,3.000000
1072293,3.000000
1072860,3.000000
1073343,3.000000
1073877,3.000000
1076763,3.000000
1077513,3.000000
1077631,3.000000
1078014,3.000000
1078414,3.000000
1078631,3.000000
1079199,3.000000
1080300,3.000000
1080617,3.000000
1081000,3.000000
1083219,3.000000
1083335,3.000000
1084003,3.000000
1085321,3.000000
1085822,3.000000
1085865,3.000000
1085972,3.000000
1087706,3.000000
1087973,3.000000
1090025,3.000000
1090626,3.000000
1091143,3.000000
1091476,3.000000
1091643,3.000000
1093211,3.000000
1094529,3.000000
1094696,3.000000
1095029,3.000000
1095997,3.000000
1096931,3.000000
1097999,3.000000
1098221,3.000000
1100702,3.000000
1101302,3.000000
1101519,3.000000
1102804,3.000000
1103187,3.000000
1103554,3.000000
1103671,3.000000
1103921,3.000000
1104905,3.000000
1105672,3.000000
1105989,3.000000
1106223,3.000000
1109242,3.000000
1109809,3.000000
1109976,3.000000
1110259,3.000000
