time,throttle
16,0.000000
33,0.000000
100,0.000000
150,0.000000
200,0.000000
245,0.000000
300,0.000000
367,0.000000
417,0.000000
467,0.000000
517,0.376471
567,0.968627
633,0.890196
683,0.192157
750,0.000000
800,0.000000
850,0.000000
900,0.086275
951,0.164706
1001,0.168627
1067,0.176471
1102,0.164706
1167,0.000000
1217,0.000000
1284,0.000000
1334,0.000000
1401,0.007843
1451,0.019608
1501,0.066667
1567,0.141176
1618,0.164706
1668,0.164706
1734,0.164706
1785,0.164706
1851,0.203922
1901,0.219608
1951,0.243137
2014,0.243137
2051,0.247059
2118,0.247059
2168,0.258824
2218,0.364706
2268,0.400000
2335,0.400000
2385,0.400000
2435,0.400000
2485,0.400000
2536,0.352941
2582,0.352941
2652,0.352941
2702,0.352941
2752,0.352941
2818,0.352941
2868,0.352941
2919,0.352941
2969,0.352941
3019,0.352941
3085,0.352941
3135,0.352941
3186,0.352941
3252,0.352941
3302,0.352941
3369,0.352941
3419,0.352941
3486,0.356863
3536,0.356863
3603,0.356863
3653,0.356863
3702,0.356863
3769,0.356863
3819,0.356863
3886,0.356863
3936,0.360784
3986,0.364706
4036,0.364706
4103,0.368627
4153,0.368627
4203,0.372549
4270,0.372549
4320,0.372549
4386,0.372549
4436,0.372549
4503,0.372549
4553,0.372549
4603,0.372549
4670,0.372549
4720,0.372549
4787,0.372549
4837,0.372549
4887,0.372549
4954,0.372549
5003,0.372549
5070,0.376471
5120,0.376471
5187,0.376471
5237,0.376471
5304,0.376471
5354,0.376471
5404,0.376471
5471,0.376471
5521,0.376471
5587,0.376471
5637,0.364706
5687,0.105882
5754,0.078431
5804,0.168627
5854,0.231373
5921,0.231373
5971,0.231373
6021,0.227451
6071,0.223529
6138,0.180392
6188,0.015686
6255,0.000000
6305,0.000000
6355,0.000000
6405,0.054902
6471,0.133333
6522,0.160784
6588,0.176471
6638,0.180392
6688,0.180392
6738,0.180392
6805,0.180392
6855,0.180392
6922,0.243137
6970,0.258824
7039,0.270588
7090,0.282353
7140,0.313726
7205,0.333333
7255,0.337255
7306,0.337255
7355,0.337255
7422,0.337255
7472,0.337255
7519,0.337255
7572,0.337255
7639,0.337255
7689,0.337255
7756,0.372549
7806,0.403922
7856,0.423529
7923,0.458824
7973,0.470588
8023,0.505882
8073,0.529412
8140,0.564706
8190,0.611765
8240,0.717647
8306,0.823529
8357,0.874510
8407,0.886275
8473,0.905882
8524,0.909804
8573,0.933333
8640,1.000000
8690,1.000000
8757,1.000000
8816,1.000000
8873,1.000000
8923,1.000000
8990,1.000000
9040,1.000000
9090,0.890196
9140,0.039216
9207,0.000000
9257,0.000000
9307,0.525490
9357,0.823529
9407,0.890196
9474,0.905882
9524,0.905882
9574,0.905882
9641,0.905882
9691,0.905882
9757,0.909804
9808,0.921569
9858,0.925490
9924,0.929412
9974,0.933333
10041,0.984314
10092,1.000000
10141,1.000000
10208,1.000000
10258,1.000000
10324,1.000000
10375,1.000000
10425,1.000000
10491,1.000000
10541,1.000000
10591,1.000000
10658,1.000000
10708,1.000000
10775,1.000000
10826,1.000000
10892,1.000000
10942,1.000000
10992,1.000000
11042,1.000000
11109,1.000000
11158,1.000000
11225,1.000000
11275,1.000000
11325,1.000000
11393,1.000000
11423,1.000000
11492,1.000000
11542,1.000000
11592,1.000000
11642,1.000000
11709,1.000000
11759,1.000000
11826,1.000000
11876,1.000000
11943,1.000000
11976,1.000000
12026,1.000000
12093,1.000000
12143,1.000000
12193,1.000000
12260,1.000000
12294,1.000000
12360,1.000000
12410,1.000000
12460,1.000000
12526,1.000000
12576,1.000000
12627,1.000000
12693,1.000000
12743,1.000000
12793,1.000000
12860,1.000000
12910,1.000000
12961,1.000000
13027,1.000000
13077,1.000000
13144,1.000000
13194,1.000000
13245,1.000000
13294,1.000000
13360,1.000000
13410,1.000000
13477,1.000000
13527,1.000000
13744,1.000000
13861,0.184314
13977,0.000000
14211,0.000000
14945,0.000000
15229,0.000000
15846,0.000000
15962,0.000000
16897,0.000000
17013,0.000000
17230,0.000000
18698,0.086275
19298,0.243137
20915,0.250980
22484,1.000000
23285,1.000000
23452,0.996078
24703,0.996078
24903,0.996078
25295,1.000000
25520,0.996078
25804,0.996078
26187,1.000000
26284,0.996078
26721,0.996078
27005,0.996078
27505,0.000000
28301,0.000000
28406,0.000000
28573,0.000000
28806,0.000000
29573,0.117647
30708,0.423529
31258,0.447059
31375,0.447059
32192,0.376471
33193,0.000000
33310,0.000000
33593,0.000000
34478,0.117647
34861,0.231373
35362,0.235294
36029,0.509804
36312,0.509804
37013,0.474510
37347,0.474510
37897,0.372549
38080,0.380392
38247,0.380392
41267,0.607843
43268,0.796078
43702,0.784314
44202,0.000000
46204,0.556863
47004,0.749020
47588,1.000000
48322,1.000000
48756,1.000000
50991,1.000000
51108,1.000000
52042,0.000000
52275,0.000000
52509,0.000000
52559,0.000000
52826,0.000000
53260,0.000000
54844,0.000000
55011,0.160784
55228,0.156863
55928,0.000000
56245,0.000000
56412,0.000000
56763,0.000000
57480,0.000000
58264,0.258824
59214,0.301961
59431,0.301961
59531,0.301961
60465,0.305882
60582,0.305882
61049,0.309804
61550,0.321569
62434,0.345098
62534,0.345098
64519,0.886275
64736,0.964706
66787,1.000000
66904,1.000000
67454,1.000000
69356,0.000000
71408,0.000000
72025,0.062745
73359,0.294118
74360,0.760784
74927,0.768627
75278,0.772549
76011,0.784314
77096,1.000000
78980,1.000000
79881,1.000000
80098,1.000000
80882,1.000000
82200,1.000000
82951,1.000000
83301,1.000000
83401,1.000000
83618,1.000000
85002,1.000000
86420,1.000000
86854,1.000000
87404,1.000000
87971,1.000000
88188,1.000000
88889,0.000000
89122,0.000000
89222,0.000000
89572,0.133333
89923,0.000000
90423,0.000000
91240,0.462745
91758,0.533333
92041,0.560784
94577,0.898039
95894,1.000000
96728,1.000000
98063,1.000000
99931,1.000000
101508,1.000000
101616,1.000000
102200,1.000000
102366,1.000000
104718,1.000000
105869,0.000000
106753,0.000000
107304,0.000000
108021,0.031373
109706,0.078431
110256,0.109804
110540,0.113725
111190,0.364706
115007,1.000000
116212,1.000000
117078,1.000000
117812,1.000000
118580,1.000000
118796,1.000000
119197,1.000000
119414,1.000000
119580,1.000000
119814,1.000000
120981,1.000000
122533,1.000000
122749,1.000000
123016,1.000000
123133,1.000000
123517,1.000000
123567,1.000000
123967,1.000000
124968,0.000000
125518,0.000000
125952,0.000000
126986,0.000000
127320,0.411765
127804,0.431373
130005,0.000000
130406,0.231373
130736,0.000000
130956,0.015686
131940,0.780392
133058,1.000000
133225,1.000000
133492,0.768627
133708,0.168627
134943,0.874510
137228,1.000000
138345,0.000000
139530,0.000000
139746,0.000000
142048,0.623529
142215,0.627451
142365,0.694118
142549,0.788235
143550,1.000000
144333,1.000000
144500,1.000000
145268,1.000000
145534,0.000000
146585,0.000000
147186,0.011765
147353,0.011765
147703,0.368627
148203,0.545098
148987,0.560784
149538,0.564706
150705,0.078431
151272,0.000000
151322,0.000000
151506,0.000000
151723,0.000000
153674,0.000000
154609,0.015686
154709,0.043137
155893,0.000000
156560,0.411765
157227,0.552941
157511,0.552941
161397,1.000000
161597,1.000000
163449,1.000000
163799,0.976471
163899,0.984314
166235,0.988235
167803,0.000000
167869,0.000000
168603,0.000000
168720,0.000000
169904,0.125490
172039,0.266667
174174,0.000000
174224,0.000000
174825,0.270588
177177,0.282353
177344,0.294118
177727,0.364706
180446,0.419608
180563,0.419608
183315,0.372549
184650,1.000000
184716,1.000000
184933,0.168627
185350,0.000000
185584,0.000000
188336,0.000000
189937,0.023529
191155,0.156863
191655,0.200000
192456,0.239216
192840,0.239216
194341,0.321569
194674,0.321569
194841,0.321569
195125,0.321569
198578,0.423529
199278,0.000000
201631,0.345098
201814,0.349020
202247,1.000000
203465,1.000000
204065,0.976471
204733,0.976471
206868,0.011765
207085,0.027451
207289,0.035294
208152,0.592157
208986,0.933333
209870,1.000000
210037,1.000000
210204,1.000000
210654,1.000000
210771,1.000000
212239,0.000000
212639,0.000000
212739,0.000000
213723,0.000000
215892,0.419608
216275,0.596078
216809,0.592157
217160,0.376471
217593,0.380392
217877,0.313726
218094,0.290196
218461,0.403922
218644,0.423529
218761,0.435294
219445,0.156863
220195,0.329412
220879,0.388235
221897,0.411765
222797,0.000000
223365,0.000000
223982,0.156863
224315,0.223529
224866,0.454902
225483,0.454902
232188,0.847059
233656,0.847059
233773,0.847059
233889,0.847059
234056,0.847059
234206,0.847059
234807,0.000000
235041,0.000000
235324,0.000000
235441,0.000000
235925,0.000000
237042,0.011765
237159,0.007843
237326,0.011765
237959,0.007843
238076,0.007843
238910,0.211765
241346,0.000000
242530,0.000000
242797,0.145098
243347,0.231373
424730,0.000000
424895,0.000000
424961,0.000000
425078,0.000000
425295,0.000000
425480,0.000000
425914,0.000000
427096,0.000000
431767,0.000000
431883,0.000000
432400,0.000000
432567,0.000000
432667,0.000000
433118,0.000000
435587,0.000000
436587,0.359769
437539,0.661876
437655,0.664789
437871,0.673059
438474,0.698146
438972,0.720742
439506,0.746742
440290,0.778811
441991,0.852621
442091,0.855868
442625,0.879685
443543,0.921835
443826,0.931696
444177,0.947245
444293,0.952654
444393,0.956980
444560,0.963451
444677,0.967699
444777,1.000000
444894,0.965162
444994,0.975455
445161,0.985339
445261,0.990019
445494,0.718913
445661,1.000000
445995,0.775342
446146,0.644537
446312,0.886056
446496,0.890036
446645,0.772644
446745,0.944490
446929,0.998106
447579,1.000000
447913,1.000000
449114,0.000000
449497,0.000000
451349,0.000000
452083,0.000000
452517,0.109804
452850,0.294118
452967,0.278431
453084,0.282353
453401,0.592157
453617,0.560784
454835,1.000000
454885,1.000000
454952,1.000000
455119,1.000000
455569,1.000000
455669,1.000000
456170,1.000000
456553,1.000000
457004,1.000000
457337,1.000000
457504,1.000000
457621,1.000000
457734,1.000000
458071,1.000000
458905,1.000000
459406,0.000000
459622,0.000000
460623,0.372549
461007,0.352941
461174,0.462745
463225,0.596078
464378,0.760784
464893,0.776471
464960,0.776471
468046,0.792157
469230,0.000000
469506,0.000000
469931,0.000000
470047,0.000000
470615,0.000000
472483,0.462745
474618,0.364706
474951,0.411765
475335,0.980392
475669,1.000000
476052,1.000000
476169,1.000000
477520,1.000000
479355,1.000000
479688,1.000000
479805,0.000000
481306,0.349020
482592,0.478431
483942,0.000000
484492,0.000000
484609,0.184314
485493,0.000000
486427,0.227451
487628,0.258824
487678,0.258824
487978,0.270588
490297,0.588235
490748,1.000000
492166,1.000000
492349,1.000000
494484,1.000000
494535,1.000000
496052,1.000000
497186,0.000000
497570,0.356863
498521,0.403922
498637,0.411765
499188,0.466667
499822,0.082353
502257,1.000000
502707,1.000000
503258,1.000000
504092,1.000000
504692,1.000000
504759,1.000000
505043,1.000000
505593,1.000000
506594,1.000000
507161,0.000000
508229,0.000000
508679,0.407843
509163,0.505882
509380,0.549020
509596,0.992157
510847,1.000000
511231,1.000000
512065,1.000000
512542,1.000000
513366,1.000000
513783,1.000000
514400,1.000000
514517,1.000000
514735,0.988235
515818,0.000000
516102,0.000000
516611,0.321569
516885,0.513726
517836,0.560784
518120,0.607843
518654,0.694118
519154,0.694118
520044,0.968627
521190,0.886275
521923,0.992157
522824,0.996078
523107,0.996078
523157,0.996078
523274,1.000000
524275,1.000000
524392,1.000000
524775,1.000000
525826,1.000000
526159,1.000000
526343,1.000000
527177,1.000000
527728,1.000000
527961,1.000000
528078,1.000000
529064,1.000000
529129,1.000000
530647,1.000000
531883,1.000000
533049,0.000000
533099,0.000000
534650,0.000000
534884,0.000000
538403,0.388235
539387,1.000000
541972,1.000000
543107,1.000000
543173,1.000000
544057,1.000000
544441,1.000000
544992,1.000000
545692,1.000000
546861,1.000000
548911,1.000000
549645,1.000000
549745,1.000000
550012,1.000000
550229,1.000000
550729,1.000000
551179,1.000000
552713,0.011765
553247,0.156863
553480,0.403922
553981,0.000000
555082,0.000000
555699,0.000000
556766,0.000000
557033,0.000000
558234,0.435294
558284,0.545098
558468,0.713726
559368,0.772549
559985,0.811765
560786,0.847059
562504,0.866667
563155,0.878431
564323,0.000000
565173,0.000000
565723,0.050980
566307,0.031373
567358,0.282353
567525,0.282353
568292,0.349020
568409,0.349020
568743,0.349020
569076,0.352941
569720,0.380392
572395,0.450980
572829,0.356863
574798,0.368627
575465,0.372549
575999,0.380392
576449,0.517647
576566,0.525490
577283,0.533333
577833,0.592157
579601,0.207843
579936,0.160784
580152,0.000000
582087,1.000000
582504,1.000000
582904,1.000000
583021,1.000000
583355,1.000000
583839,1.000000
584389,1.000000
586107,1.000000
588510,1.000000
588676,1.000000
590011,0.000000
590878,0.341176
591278,0.474510
597100,1.000000
597500,1.000000
598084,1.000000
600035,1.000000
600386,1.000000
600936,1.000000
601053,1.000000
601103,1.000000
602521,0.007843
603371,0.000000
605957,0.596078
606458,0.200000
606508,0.200000
608459,1.000000
610995,1.000000
611078,1.000000
612329,1.000000
612913,1.000000
613347,1.000000
613831,0.000000
613931,0.000000
614214,0.000000
614848,0.000000
617367,1.000000
618318,1.000000
619952,1.000000
620353,1.000000
620469,1.000000
621238,0.000000
621971,0.000000
622571,0.000000
622955,0.000000
623572,0.615686
625157,0.066667
625607,0.066667
626275,0.800000
626391,0.796078
626875,0.784314
627543,0.180392
628126,0.039216
628443,0.043137
628676,0.043137
628770,0.043137
629427,0.054902
630528,0.290196
630595,0.290196
631095,0.462745
631428,0.533333
631929,0.549020
633181,0.564706
634981,0.078431
637000,0.498039
637150,0.525490
637450,0.525490
637951,0.525490
639002,0.525490
639952,0.525490
640436,0.423529
640537,0.239216
641521,0.000000
642005,0.082353
642605,0.203922
643941,0.400000
644156,0.403922
644440,0.427451
644941,0.443137
647209,0.349020
648943,0.031373
649310,0.156863
649978,0.235294
650495,0.239216
651079,0.239216
651979,0.654902
652480,0.654902
653580,1.000000
654064,1.000000
654231,1.000000
654681,1.000000
654965,1.000000
656082,0.000000
656199,0.000000
656917,0.035294
657333,0.568627
658701,1.000000
659568,1.000000
659952,0.380392
661821,0.000000
662203,0.000000
662570,0.000000
663121,0.000000
664105,0.333333
664205,0.356863
664605,0.407843
666190,0.478431
666641,0.517647
667572,0.968627
667641,0.976471
669160,0.898039
671578,0.109804
671695,0.121569
672128,0.121569
673847,0.000000
673880,0.000000
675264,0.411765
678018,0.658824
679885,0.000000
680502,0.000000
681670,0.000000
682137,0.000000
682471,0.000000
682637,0.000000
682738,0.000000
683121,0.000000
685807,1.000000
686707,1.000000
688158,0.000000
688809,1.000000
691128,0.000000
691612,0.000000
692012,0.000000
692713,0.000000
692829,0.000000
693330,0.015686
695014,0.000000
695848,0.000000
697700,0.741176
698684,0.607843
699134,0.768627
699301,0.768627
700035,0.000000
700219,0.000000
700335,0.000000
702404,0.011765
703823,0.200000
704539,0.552941
704655,0.552941
704756,0.552941
705908,0.000000
706308,0.027451
706807,0.027451
707591,0.278431
707808,0.349020
708392,0.000000
709226,0.219608
709976,0.376471
710694,0.858824
711978,0.000000
712278,0.000000
712962,0.000000
713813,0.258824
717665,0.000000
718149,0.168627
718933,0.411765
719218,0.411765
719384,0.411765
720835,0.631373
721219,0.631373
721586,0.701961
721753,0.945098
721969,1.000000
722536,1.000000
723187,1.000000
723303,1.000000
724421,0.000000
725355,0.000000
731760,0.423529
732794,0.850980
733895,0.066667
735313,0.529412
735914,0.596078
737849,0.435294
738716,0.027451
741918,0.376471
742536,0.380392
742820,0.380392
743770,0.282353
743937,0.282353
744554,0.329412
745221,0.027451
745338,0.035294
750291,0.588235
754278,0.054902
754912,0.000000
755262,0.000000
757113,0.819608
757230,0.992157
757463,0.992157
758748,0.000000
758981,0.000000
759265,0.050980
759766,0.000000
759816,0.000000
759932,0.000000
760216,0.278431
760333,0.368627
760933,1.000000
761784,0.000000
762751,0.000000
763129,0.027451
763352,0.027451
765937,0.000000
766621,0.188235
766787,0.219608
767371,0.266667
767971,0.368627
768972,0.682353
769256,0.713726
769873,0.713726
770423,0.713726
771908,0.035294
772508,0.247059
772608,0.258824
774343,0.352941
774510,0.352941
775711,0.000000
775828,0.000000
776461,0.000000
777279,0.164706
779030,0.000000
780398,0.000000
780932,0.329412
781215,0.345098
781982,0.407843
782883,0.419608
783000,0.419608
784184,0.745098
784451,0.709804
785986,0.000000
786319,0.000000
786536,0.000000
787363,0.015686
788037,0.168627
788471,0.054902
788972,0.000000
790339,0.000000
791457,0.000000
793042,0.317647
794476,0.262745
795394,0.627451
795511,0.619608
795844,0.899068
796128,0.856446
796512,0.993897
797446,0.231373
798780,0.070588
799831,0.000000
800165,0.000000
800548,0.000000
800949,0.000000
802050,0.000000
802433,0.000000
802950,0.376471
804552,0.262745
805035,0.372549
805252,0.372549
805536,0.415686
806370,0.403922
807120,0.011765
807454,0.019608
808287,0.156863
809071,0.168627
809572,0.203922
809789,0.219608
809955,0.219608
810172,0.215686
810440,0.219608
810673,0.243137
811057,0.243137
811374,0.243137
812341,0.266667
812792,0.258824
815110,0.000000
815277,0.000000
815444,0.000000
816778,0.329412
817179,0.368627
817463,0.372549
818213,0.933333
818480,1.000000
818814,1.000000
819648,0.560784
821566,1.000000
822450,1.000000
822733,1.000000
822834,1.000000
823017,1.000000
823935,1.000000
824053,1.000000
824720,1.000000
825819,1.000000
826320,1.000000
826487,1.000000
829122,0.000000
829939,0.000000
830056,0.000000
830507,0.439216
830623,0.411765
831057,0.000000
831224,0.000000
831858,0.000000
832259,0.270588
832584,0.403922
832975,0.345098
833509,0.423529
834660,0.701961
836245,0.972549
836995,0.870588
837563,0.184314
838263,0.760784
838480,0.796078
838714,0.960784
839114,1.000000
841050,1.000000
842533,0.000000
843367,0.368627
843484,0.372549
844668,0.819608
845502,0.000000
845886,0.000000
846971,0.905882
847571,0.854902
847622,0.854902
848071,0.854902
851107,0.027451
852125,1.000000
853259,0.000000
853660,0.000000
854344,0.850980
854627,0.956863
856912,0.670588
857830,0.541176
859314,0.533333
859481,0.596078
860682,1.000000
861016,1.000000
861333,1.000000
862000,1.000000
863268,1.000000
863368,1.000000
863485,1.000000
863652,1.000000
866054,1.000000
867855,1.000000
868289,0.968627
868589,0.000000
870157,0.000000
871575,0.015686
873259,0.698039
874310,0.776471
874360,0.776471
875344,0.921569
876445,0.372549
878063,0.819608
879114,0.984314
879281,1.000000
881066,1.000000
881576,0.960784
882233,0.000000
883468,0.000000
885719,0.670588
886387,0.117647
887271,0.000000
887954,0.537255
889706,0.933333
891290,0.964706
893609,0.984314
893892,0.984314
894109,0.984314
894226,0.984314
894343,0.984314
895427,0.976471
895978,0.980392
897695,0.980392
898262,0.980392
899380,0.984314
899713,0.984314
900213,0.984314
900264,0.984314
900764,0.239216
901315,0.000000
905084,0.682353
906352,1.000000
906419,1.000000
907386,0.745098
907503,0.815686
907903,0.870588
908104,0.901961
909154,1.000000
909211,1.000000
910422,1.000000
910872,1.000000
912257,1.000000
913641,1.000000
916227,1.000000
917377,1.000000
918170,1.000000
919596,0.000000
919712,0.000000
920663,0.000000
922015,0.235294
922415,0.223529
923049,0.000000
925000,0.858824
925551,1.000000
925985,1.000000
928654,1.000000
929004,1.000000
929221,1.000000
929821,1.000000
930088,1.000000
932040,0.000000
932574,0.000000
933291,0.014771
933576,0.342555
933641,0.000000
933667,0.000000
933779,0.000000
933788,0.000000
933841,0.000000
933891,0.000000
933958,0.000000
934008,0.000000
934075,0.000000
934125,0.000000
934175,0.000000
934225,0.000000
934275,0.000000
934342,0.000000
934392,0.000000
934458,0.000000
934508,0.000000
934575,0.000000
934609,0.000000
934676,0.000000
934725,0.000000
934775,0.000000
934842,0.000000
934892,0.000000
934959,0.000000
935009,0.000000
935059,0.000000
935110,0.000000
935159,0.000000
935226,0.000000
935276,0.000000
935326,0.000000
935392,0.000000
935442,0.000000
935509,0.000000
935559,0.000000
935609,0.000000
935676,0.000000
935726,0.000000
935776,0.000000
935827,0.000000
935893,0.000000
935943,0.000000
935993,0.000000
936043,0.000000
936093,0.000000
936160,0.000000
936210,0.000000
936276,0.000000
936319,0.000000
936376,0.000000
936427,0.000000
936493,0.000000
936543,0.000000
936593,0.000000
936660,0.000000
936710,0.000000
936760,0.000000
936827,0.000000
936878,0.000000
936944,0.000000
936993,0.000000
937043,0.000000
937094,0.000000
937160,0.000000
937210,0.000000
937260,0.000000
937318,0.000000
937377,0.000000
937427,0.000000
937477,0.000000
937544,0.000000
937594,0.000000
937644,0.000000
937711,0.000000
937761,0.000000
937828,0.000000
937878,0.000000
937928,0.000000
937994,0.000000
938045,0.000000
938111,0.000000
938161,0.000000
938211,0.000000
938262,0.000000
938311,0.000000
938378,0.000000
938428,0.000000
938478,0.000000
938528,0.000000
938578,0.000000
938645,0.000000
938695,0.000000
938746,0.000000
938812,0.000000
938862,0.000000
938928,0.000000
938978,0.000000
939045,0.000000
939095,0.000000
939162,0.000000
939212,0.000000
939279,0.000000
939329,0.000000
939379,0.000000
939446,0.000000
939496,0.000000
939546,0.000000
939612,0.000000
939662,0.000000
939729,0.000000
939779,0.000000
939830,0.000000
939896,0.000000
939946,0.000000
940013,0.000000
940063,0.000000
940109,0.000000
940163,0.000000
940230,0.000000
940280,0.000000
940330,0.000000
940380,0.000000
940430,0.000000
940497,0.000000
940547,0.000000
940597,0.000000
940663,0.000000
940713,0.000000
940763,0.000000
940826,0.000000
940880,0.000000
940930,0.000000
940980,0.000000
941047,0.000000
941097,0.000000
941147,0.000000
941214,0.000000
941264,0.000000
941314,0.000000
941364,0.000000
941431,0.000000
941481,0.000000
941531,0.000000
941597,0.000000
941647,0.000000
941714,0.000000
941764,0.000000
941830,0.000000
941864,0.000000
941914,0.000000
941981,0.000000
942031,0.000000
942097,0.000000
942147,0.000000
942198,0.000000
942264,0.000000
942314,0.000000
942364,0.000000
942431,0.000000
942481,0.000000
942531,0.000000
942598,0.000000
942649,0.000000
942715,0.000000
942765,0.000000
942832,0.000000
942882,0.000000
942932,0.000000
942998,0.000000
943049,0.000000
943096,0.000000
943148,0.000000
943215,0.000000
943265,0.000000
943333,0.000000
943377,0.000000
943432,0.000000
943482,0.000000
943549,0.000000
943599,0.000000
943665,0.000000
943715,0.000000
943766,0.000000
943832,0.000000
943882,0.000000
943949,0.000000
943999,0.000000
944049,0.000000
944116,0.000000
944166,0.000000
944218,0.000000
944283,0.000000
944334,0.000000
944383,0.000000
944449,0.000000
944499,0.000000
944566,0.000000
944616,0.000000
944666,0.000000
944716,0.000000
944783,0.000000
944816,0.000000
944883,0.000000
944934,0.000000
945000,0.000000
945050,0.000000
945117,0.000000
945167,0.000000
945217,0.000000
945284,0.000000
945334,0.000000
945384,0.000000
945434,0.000000
945500,0.000000
945551,0.000000
945601,0.000000
945652,0.000000
945717,0.000000
946168,0.000000
947319,0.000000
947719,0.000000
948053,0.000000
948553,0.000000
948837,0.000000
949721,0.000000
950705,0.000000
951406,0.000000
952507,0.000000
952623,0.000000
952840,0.000000
953392,0.000000
953624,0.000000
953941,0.000000
954625,0.000000
954959,0.000000
955911,0.000000
956410,0.000000
956528,0.000000
956910,0.000000
956960,0.000000
957027,0.000000
957527,0.000000
957644,0.000000
958912,0.000000
960080,0.000000
961648,0.000000
961714,0.000000
961949,0.000000
962548,0.000000
962715,0.000000
964333,0.000000
965667,0.000000
967536,0.000000
967919,0.000000
968170,0.000000
968620,0.000000
969871,0.000000
972507,0.000000
974992,0.000000
975092,0.000000
975942,0.000000
976593,0.000000
977594,0.000000
977922,0.000000
978028,0.000000
978995,0.000000
979212,0.000000
980546,0.000000
981013,0.000000
981513,0.000000
983232,0.000000
983349,0.000000
983532,0.000000
984016,0.000000
986487,0.000000
988019,0.000000
991105,0.000000
991671,0.000000
992173,0.000000
992557,0.000000
992773,0.000000
994258,0.000000
994691,0.000000
994808,0.000000
996627,0.000000
996743,0.000000
997511,0.000000
998145,0.000000
1000024,0.000000
1001480,0.000000
1004100,0.000000
1004717,0.000000
1004834,0.000000
1005050,0.000000
1006585,0.000000
1007102,0.000000
1009320,0.000000
1009489,0.000000
1009870,0.000000
1011038,0.000000
1011159,0.000000
1011372,0.000000
1011638,0.000000
1012089,0.000000
1013490,0.000000
1013824,0.000000
1014274,0.000000
1015725,0.000000
1016101,0.000000
1016117,0.000000
1016180,0.000000
1016581,0.000000
1017131,0.000000
1018118,0.000000
1018599,0.000000
1019383,0.000000
1020133,0.000000
1022803,0.000000
1022919,0.000000
1023086,0.000000
1024087,0.000000
1024204,0.000000
1025154,0.000000
1026039,0.000000
1026572,0.000000
1027039,0.000000
1027307,0.000000
1027590,0.000000
1027765,0.000000
1028504,0.000000
1028620,0.000000
1029254,0.000000
1030038,0.000000
1031540,0.000000
1032724,0.000000
1032841,0.000000
1033291,0.000000
1033592,0.000000
1033859,0.000000
1034893,0.000000
1036311,0.000000
1036644,0.000000
1036961,0.000000
1037628,0.000000
1038612,0.000000
1038729,0.000000
1038897,0.000000
1039163,0.000000
1039330,0.000000
1039613,0.000000
1039947,0.000000
1040548,0.000000
1042667,0.000000
1042850,0.000000
1043200,0.000000
1044251,0.000000
1044368,0.000000
1044885,0.000000
1045703,0.000000
1046370,0.000000
1047320,0.000000
1048154,0.000000
1048438,0.000000
1048605,0.000000
1049639,0.000000
1049689,0.000000
1050474,0.000000
1050857,0.000000
1051124,0.000000
1051675,0.000000
1051908,0.000000
1052242,0.000000
1054261,0.000000
1054928,0.000000
1055295,0.000000
1055578,0.000000
1056212,0.000000
1056679,0.000000
1060450,0.000000
1060716,0.000000
1060833,0.000000
1061667,0.000000
1061785,0.000000
1062935,0.000000
1063402,0.000000
1064150,0.000000
1064420,0.000000
1066803,0.000000
1067455,0.000000
1068206,0.000000
1068640,0.000000
1069307,0.000000
1070124,0.000000
1070241,0.000000
1070407,0.000000
1070674,0.000000
1072293,0.000000
1072860,0.000000
1073343,0.000000
1073877,0.000000
1076763,0.000000
1077513,0.000000
1077631,0.000000
1078014,0.000000
1078414,0.000000
1078631,0.000000
1079199,0.000000
1080300,0.000000
1080617,0.000000
1081000,0.000000
1083219,0.000000
1083335,0.000000
1084003,0.000000
1085321,0.000000
1085822,0.000000
1085865,0.000000
1085972,0.000000
1087706,0.000000
1087973,0.000000
1090025,0.000000
1090626,0.000000
1091143,0.000000
1091476,0.000000
1091643,0.000000
1093211,0.000000
1094529,0.000000
1094696,0.000000
1095029,0.000000
1095997,0.000000
1096931,0.000000
1097999,0.000000
1098221,0.000000
1100702,0.000000
1101302,0.000000
1101519,0.000000
1102804,0.000000
1103187,0.000000
1103554,0.000000
1103671,0.000000
1103921,0.000000
1104905,0.000000
1105672,0.000000
1105989,0.000000
1106223,0.000000
1109242,0.000000
1109809,0.000000
1109976,0.000000
1110259,0.000000
